0.00011082607281391816	799787.0364819383	119.88132936340517
0.00018299947418080293	1.3207479489650158e6	261.5703775488119
0.0003505387700767124	2.5303051303188982e6	703.9598066808626
0.0005688374420112887	4.106680997516538e6	1440.9956865058334
0.0008207594349452721	5.926241400903695e6	2439.5677512608304
0.001098120154701787	7.929914628253612e6	3659.621667056457
0.0013960992934201853	1.0082893910192356e7	5061.278536363847
0.0017114830069737583	1.2361960150191898e7	6607.171297754402
0.0020419561706936633	1.4750377951180506e7	8263.218939853728
0.0023857619812766785	1.723544080409657e7	9998.816165708424
0.002741516764058615	1.9807135505669277e7	11786.783940183925
0.0031080998893150266	2.2457348194645274e7	13603.219794695005
0.0034845838599361083	2.5179360066487398e7	15427.30887944464
0.003870187583218053	2.796751027305564e7	17241.123921379898
0.004264243844558957	3.08169612383726e7	19029.42756414368
0.004666175907095652	3.37235297889255e7	20779.48336304303
0.005075480209983313	3.668356226937834e7	22480.877972604965
0.005491713277719581	3.969384003210256e7	24125.355626872053
0.005914481618754194	4.275150649041902e7	25706.664662960793
0.006343433797077829	4.585400984863749e7	27220.415741684017
0.0067782541162565045	4.899905746655051e7	28663.950924296514
0.007218657521730443	5.218457901538307e7	30036.22288175524
0.007664385438328861	5.540869638364098e7	31337.68343887591
0.00811520233595458	5.86696988394271e7	32570.180625315905
0.008570892869468995	6.196602233842703e7	33736.86359546973
0.009031259476564846	6.529623213923658e7	34842.09464678799
0.009496120344742592	6.86590080845695e7	35891.36786544963
0.009965307678564834	7.20531320518475e7	36891.23368421244
0.01043866621331853	7.54774771842307e7	37849.22901602893
0.01091605193247796	7.893099859471415e7	38773.81234523499
0.011397330954963035	8.241272529767181e7	39674.303505948425
0.011882378564821135	8.592175317030859e7	40560.827689143225
0.012371078361115074	8.945723878359129e7	41444.26334335675
0.012863321509857984	9.301839397145039e7	42336.193715111905
0.013359006083051654	9.660448103034697e7	43248.86172405283
0.013858036472449587	1.0021480845985779e8	44195.12782765806
0.014360322867724467	1.0384872716950041e8	45188.430858422646
0.01486578079039863	1.075056270895761e8	46242.75138474433
0.015374330676255408	1.1118493413325135e8	47372.577549438094
0.015885897500065624	1.148861074653126e8	48592.873193502695
0.01640041043738545	1.1860863703975178e8	49919.04802932947
0.0169178025589492	1.223520413736976e8	51366.92982021667
0.017438010553810005	1.2611586552995332e8	52952.73833587338
0.01796097447792298	1.2989967928417705e8	54693.06101350669
0.018486637525309522	1.337030754559711e8	56604.83022344694
0.019014945819318226	1.3752566838598812e8	58705.30194015853
0.019545848221823463	1.4136709254328686e8	61012.03585983316
0.020079296158477363	1.4522700124941945e8	63542.87673901836
0.0206152434583556	1.4910506550712678e8	66315.9369733532
0.021153646206553783	1.530009729232483e8	69349.58027153609
0.02169446260844598	1.5691442671647227e8	72662.406388106
0.022237652864482396	1.6084514480179957e8	76273.23683397373
0.022783179054518623	1.6479285894440198e8	80201.10151192783
0.02333100503079545	1.6875731397648844e8	84465.22622046516
0.02388109631876932	1.7273826707140478e8	89085.02092890673
0.0244334200250943	1.7673548706982434e8	94080.06885923297
0.024987944752122095	1.807487538534699e8	99470.11627886725
0.025544640518356407	1.8477785776233983e8	105275.06288688102
0.026103478684351405	1.8882259905155358e8	111514.95295025146
0.0266644318836016	1.9288278738474464e8	118209.96691439529
0.027227473958011186	1.9695824136081028e8	125380.41366452412
0.027792579897568153	2.0104878807146668e8	133046.72321738256
0.028359725783894625	2.0515426268704104e8	141229.4400097958
0.028928888737362865	2.0927450806842327e8	149949.2165488287
0.029500046867502582	2.1340937440303376e8	159226.80756516563
0.030073179226454874	2.1755871886310688e8	169083.0645515857
0.030648265765233416	2.2172240528452426e8	179538.9306877627
0.03122528729259623	2.259003038647411e8	190615.43615238633
0.031804225436333176	2.3009229087845019e8	202333.69373880574
0.03238506260679399	2.342982484096307e8	214714.89483183154
0.032967781962501254	2.3851806409889424e8	227780.30567258078
0.03355236737770276	2.4275163090504652e8	241551.26392346228
0.034138803411729354	2.46998846879904e8	256049.17549619946
0.034727075280033	2.512596149554442e8	271295.5116306276
0.03531716882679669	2.555338427424757e8	287311.8062415844
0.03590907049900882	2.5982144234008008e8	304119.65347628854
0.03650276732191082	2.6412233015514517e8	321740.70548390993
0.03709824687572166	2.6843642673127574e8	340196.67040459515
0.03769549727356686	2.727636565865451e8	359509.3105525096
0.03829450714052966	2.771039480595358e8	379700.44076343486
0.038895265593759235	2.814572331631231e8	400791.9269343313
0.039497762223567365	2.8582344744553983e8	422805.6847299267
0.04010198707545543	2.9020252985831213e8	445763.67841067864
0.040707930633016906	2.9459442263061315e8	469687.9198499838
0.04131558380165961	2.989990711496695e8	494600.46766518685
0.04192493789310692	3.034164238469058e8	520523.42648884386
0.04253598461062382	3.078464320894431e8	547478.9463483193
0.04314871603493295	3.122890500766598e8	575489.2221882374
0.04376312461077883	3.1674423474156106e8	604576.4934804895
0.044379203134106635	3.212119456566597e8	634763.0439607722
0.04499694473981356	3.2569214494410425e8	666071.2014392081
0.04561634289005446	3.301847971898856e8	698523.3377216547
0.04623739136305941	3.346898693618072e8	732141.868642056
0.04686008424244168	3.392073307311342e8	766949.254111901
0.047484415906970494	3.4373715279760915e8	802967.9983291739
0.04811038102077977	3.4827930921772766e8	840220.6500184621
0.04873797452399557	3.528337757361195e8	878729.8027344547
0.04936719162375874	3.574005301198099e8	918518.0952757921
0.04999802778561624	3.6197955209525573e8	959608.212120602
0.050630478725275596	3.665708232880327e8	1.0020228839497899e6
0.051264540400692955	3.711743271650208e8	1.0457848882083655e6
0.05190020900448066	3.757900489789195e8	1.0909170497509865e6
0.05253748095662317	3.804179757150879e8	1.1374422415009248e6
0.053176352897482244	3.8505809604049075e8	1.1853833851957093e6
0.053816821681077986	3.897104002547219e8	1.2347634521450684e6
0.05445888436863066	3.9437488024291706e8	1.2856054640697348e6
0.055102538222358145	3.9905152943061006e8	1.337932493951309e6
0.05574778069950908	4.037403427403056e8	1.3917676669328918e6
0.05639460944662192	4.0844131654973316e8	1.4471341612642657e6
0.05704302229400588	4.131544486517489e8	1.5040552092781996e6
0.057693017250425915	4.1787973821576166e8	1.5625540983910423e6
0.05834459249798464	4.226171857505959e8	1.6226541721536831e6
0.058997746387196966	4.273667930688105e8	1.6843788313228434e6
0.05965247743224125	4.3212856325231e8	1.7477515349571262e6
0.060308784306386885	4.369025006192815e8	1.8127958015558934e6
0.060966665837583436	4.4168861069232786e8	1.8795352101960399e6
0.061626121004208015	4.4648690016776013e8	1.947993401732243e6
0.06228714893096782	4.512973768860603e8	2.0181940799940447e6
0.06294974888494108	4.561200498033715e8	2.090161013013936e6
0.06361392027176156	4.6095492896405596e8	2.1639180342646297e6
0.06427966263193066	4.6580202547419184e8	2.2394890439393516e6
0.06494697563726447	4.7066135147608083e8	2.3168980102409893e6
0.06561585908745074	4.755329201235792e8	2.3961689706724314e6
0.0662863129067361	4.804167455583951e8	2.4773260333705326e6
0.06695833714071404	4.853128428871143e8	2.5603933784551746e6
0.06763193195322693	4.90221228159123e8	2.6453952593594035e6
0.06830709762337017	4.9514191834524083e8	2.7323560042224363e6
0.06898383454259226	5.000749313170906e8	2.821300017273261e6
0.06966214321189274	5.050202858272161e8	2.912251780210205e6
0.07034202423911363	5.0997800148985666e8	3.0052358536336296e6
0.07102347833631151	5.1494809876234823e8	3.1002768784654057e6
0.07170650631722303	5.199305989272287e8	3.197399577370654e6
0.07239110909480481	5.2492552407487416e8	3.29662875622122e6
0.07307728767885384	5.299328970867433e8	3.397989305553231e6
0.0737650431737035	5.3495274161920744e8	3.5015062020238903e6
0.07445437677599125	5.39985082087883e8	3.607204509900142e6
0.07514528977249635	5.450299436525073e8	3.715109382546185e6
0.07583778353804269	5.500873522023039e8	3.825246063908173e6
0.07653185953346972	5.551573343418325e8	3.9376398900404973e6
0.07722751930366362	5.602399173773173e8	4.0523162906049583e6
0.07792476447564525	5.653351293033885e8	4.1693007903921767e6
0.07862359675672312	5.704429987902964e8	4.28861901086651e6
0.07932401793269438	5.755635551715136e8	4.410296671684449e6
0.08002602986610663	5.806968284317664e8	4.534359592254699e6
0.08072963449456451	5.858428491954125e8	4.660833693282004e6
0.08143483382909203	5.910016487152357e8	4.789744998328003e6
0.08214162995253939	5.961732588615731e8	4.921119635375209e6
0.08285002501803908	6.013577121118184e8	5.054983838393518e6
0.08356002124750517	6.06555041540226e8	5.191363948934541e6
0.08427162093017755	6.117652808080794e8	5.330286417696338e6
0.084984826421204	6.169884641541361e8	5.471777806120144e6
0.08569964014027173	6.222246263854266e8	5.615864787990302e6
0.0864160645702653	6.274738028682802e8	5.762574151019693e6
0.08713410225597724	6.32736029519716e8	5.911932798481648e6
0.08785375580284029	6.380113427990264e8	6.063967750791284e6
0.0885750278757072	6.432997796997002e8	6.218706147136642e6
0.08929792119765782	6.486013777415428e8	6.376175247108582e6
0.09002243854884256	6.53916174963095e8	6.536402432312785e6
0.09074858276535525	6.592442099142528e8	6.6994152080100225e6
0.09147635673813977	6.645855216491605e8	6.865241204744205e6
0.09220576341192667	6.699401497193009e8	7.033908179994551e6
0.09293680578419503	6.753081341668096e8	7.205444019813291e6
0.09366948690416724	6.806895155180113e8	7.379876740481257e6
0.0944038098718288	6.860843347771653e8	7.557234490158125e6
0.09513977783697555	6.914926334203925e8	7.737545550553843e6
0.09587739399828325	6.969144533898127e8	7.920838338574005e6
0.0966166616024082	7.02349837087865e8	8.107141408014007e6
0.09735758394310678	7.077988273718169e8	8.2964834512134595e6
0.09810016436037916	7.132614675484343e8	8.48889330074077e6
0.09884440623963674	7.187378013688335e8	8.684399931079471e6
0.09959031301089458	7.24227873023519e8	8.883032460321216e6
0.10033788814797619	7.297317271375399e8	9.084820151838863e6
0.10108713516774945	7.352494087658468e8	9.289792416004535e6
0.10183805762937595	7.407809633887677e8	9.497978811891714e6
0.10259065913358131	7.463264369076632e8	9.70940904896083e6
0.10334494332194555	7.518858756407034e8	9.924112988786647e6
0.10410091387621226	7.574593263187984e8	1.0142120646781359e7
0.10485857451761121	7.63046836081643e8	1.0363462193896815e7
0.10561792900620443	7.686484524739312e8	1.058816795836311e7
0.10637898114024641	7.742642234416766e8	1.0816268427418409e7
0.10714173475555852	7.798941973286464e8	1.1047794249039328e7
0.10790619372492156	7.855384228729421e8	1.128277623368258e7
0.10867236195748649	7.911969492036983e8	1.152124535603788e7
0.10944024339819276	7.9686982583787e8	1.1763232756767211e7
0.11020984202720951	8.02557102677162e8	1.2008769744271293e7
0.11098116185938602	8.082588300050656e8	1.2257887796442008e7
0.11175420694371462	8.139750584839633e8	1.2510618562434476e7
0.11252898136281451	8.197058391524122e8	1.2766993864430705e7
0.11330548923241965	8.254512234224428e8	1.3027045699430818e7
0.11408373470088515	8.312112630770296e8	1.3290806241015377e7
0.11486372194870437	8.369860102676101e8	1.3558307841151271e7
0.11564545518803755	8.427755175117247e8	1.3829583031969331e7
0.11642893866225355	8.485798376907312e8	1.4104664527576663e7
0.11721417664548205	8.543990240476311e8	1.438358522585543e7
0.11800117344217585	8.602331301849468e8	1.4666378210268335e7
0.11878993338668728	8.660822100627291e8	1.495307675167955e7
0.11958046084285136	8.7194631799661e8	1.5243714310178755e7
0.1203727602035813	8.778255086559561e8	1.5538324536897456e7
0.12116683589047587	8.837198370621058e8	1.5836941275862902e7
0.1219626923534314	8.896293585866565e8	1.6139598565820627e7
0.1227603340702681	8.955541289498698e8	1.644633064207918e7
0.12355976554636422	9.01494204219105e8	1.675717193838579e7
0.12436099131429783	9.074496408073697e8	1.707215708874948e7
0.12516401593349963	9.134204954718957e8	1.7391320929346114e7
0.12596884398991348	9.194068253128312e8	1.771469850035604e7
0.1267754800956637	9.254086877719544e8	1.8042325047859263e7
0.12758392888873477	9.314261406314981e8	1.8374236025719736e7
0.12839419503265298	9.37459242012989e8	1.8710467097476583e7
0.12920628321618344	9.435080503762144e8	1.905105413823548e7
0.13002019815302657	9.495726245181751e8	1.939603323658726e7
0.13083594458152878	9.556530235721701e8	1.9745440696510747e7
0.1316535272643975	9.617493070069003e8	2.0099313039295256e7
0.13247295098842174	9.678615346256287e8	2.0457687005469494e7
0.13329422056420379	9.73989766565425e8	2.082059955673836e7
0.13411734082589288	9.80134063296436e8	2.1188087877914228e7
0.1349423166309289	9.862944856212337e8	2.1560189378872138e7
0.1357691528597936	9.924710946742072e8	2.193694169652204e7
0.13659785441576228	9.986639519210092e8	2.231838269674084e7
0.13742842622466894	1.0048731191580535e9	2.2704550476376757e7
0.13826087323467054	1.0110986585120491e9	2.3095483365213197e7
0.13909520041602474	1.0173406324396322e9	2.3491219927955408e7
0.13993141276086563	1.0235991037269802e9	2.3891798966235436e7
0.1407695152829898	1.0298741354895179e9	2.4297259520612296e7
0.14160951301764832	1.0361657911716696e9	2.4707640872581802e7
0.14245141102134137	1.042474134546641e9	2.5122982546603564e7
0.14329521437161963	1.0487992297162529e9	2.5543324312125284e7
0.14414092816688975	1.0551411411108117e9	2.5968706185621653e7
0.14498855752622863	1.0614999334890593e9	2.6399168432646193e7
0.14583810758919677	1.0678756719381108e9	2.6834751569876075e7
0.14668958351566075	1.074268421873474e9	2.727549636719026e7
0.1475429904856193	1.080678249039111e9	2.7721443849723488e7
0.14839833369903552	1.0871052195075269e9	2.817263529997096e7
0.14925561837566667	1.0935493996798744e9	2.8629112259853587e7
0.15011484975491166	1.1000108562861745e9	2.909091653284801e7
0.15097603309564808	1.1064896563854868e9	2.9558090186067026e7
0.1518391736760843	1.1129858673661876e9	3.0030675552395385e7
0.15270427679361057	1.119499556946237e9	3.0508715232619062e7
0.15357134776465586	1.1260307931735234e9	3.099225209754891e7
0.15444039192454992	1.1325796444262273e9	3.14813292901858e7
0.15531141462738407	1.139146179413195e9	3.1975990227865186e7
0.15618442124588244	1.145730467174401e9	3.2476278604427423e7
0.15705941717127428	1.1523325770814154e9	3.2982238392397746e7
0.15793640781316978	1.1589525788379087e9	3.3493913845175724e7
0.15881539859943608	1.165590542480174e9	3.401134949922011e7
0.159696394976085	1.1722465383777251e9	3.453459017626994e7
0.16057940240715715	1.1789206372338996e9	3.5063680985554114e7
0.16146442637461358	1.1856129100865018e9	3.559866732602722e7
0.1623514723782266	1.192323428308466e9	3.613959488859504e7
0.1632405459354778	1.1990522636085682e9	3.668650965838011e7
0.16413165258145862	1.2057994880321722e9	3.723945791697046e7
0.16502479786877278	1.2125651739619958e9	3.779848624469444e7
0.16591998736744248	1.2193493941189106e9	3.8363641522901095e7
0.1668172266648172	1.226152221562771e9	3.893497093625432e7
0.16771652136548695	1.2329737296932864e9	3.951252197503877e7
0.16861787709119738	1.239813992250912e9	4.009634243747047e7
0.16952129948076686	1.246673083317764e9	4.068648043202392e7
0.17042679419000825	1.2535510773185837e9	4.128298437976681e7
0.17133436689165268	1.2604480490217056e9	4.18859030167264e7
0.1722440232752772	1.2673640735400953e9	4.249528539622357e7
0.17315576904722932	1.2742992263323412e9	4.311118089126148e7
0.17406960993056678	1.2812535832037847e9	4.373363919691307e7
0.1749855516649855	1.288227220307569e9	4.436271033270783e7
0.17590360000675764	1.2952202141457722e9	4.499844464503711e7
0.17682376072867373	1.3022326415705757e9	4.564089280958621e7
0.17774603961998384	1.3092645797854388e9	4.629010583375591e7
0.1786704424863389	1.316316106346281e9	4.694613505911096e7
0.1795969751497422	1.3233872991627471e9	4.760903216383988e7
0.18052564344849648	1.3304782364994595e9	4.827884916521725e7
0.18145645323715337	1.3375889969772837e9	4.895563842208159e7
0.1823894103864718	1.344719659574672e9	4.9639452637349576e7
0.1833245207833699	1.3518703036289818e9	5.033034486049694e7
0.1842617903308848	1.3590410088378446e9	5.102836849009482e7
0.185201224948134	1.3662318552605662e9	5.1733577276339896e7
0.18614283057027523	1.3734429233195255e9	5.244602532358899e7
0.18708661314847344	1.3806742938016312e9	5.3165767092927516e7
0.18803257864986633	1.3879260478597782e9	5.389285740474173e7
0.18898073305753468	1.3951982670143576e9	5.462735144130069e7
0.1899310823704694	1.402491033154745e9	5.5369304749344245e7
0.1908836326035479	1.409804428540863e9	5.611877324271238e7
0.1918383897875066	1.4171385358047395e9	5.687581320495748e7
0.1927953599689179	1.4244934379521005e9	5.764048129198372e7
0.1937545492101684	1.43186921836398e9	5.8412834534704134e7
0.1947159635894401	1.4392659607983725e9	5.919293034169924e7
0.19567960920068925	1.4466837493918684e9	5.9980826501899675e7
0.19664549215363453	1.454122668661373e9	6.0776581187286146e7
0.197613618573738	1.4615828035057857e9	6.158025295558064e7
0.19858399460219736	1.4690642392077715e9	6.239190075298768e7
0.1995566263959291	1.4765670614354756e9	6.3211583916907094e7
0.20053152012756353	1.4840913562443311e9	6.403936217870665e7
0.20150868198543562	1.4916372100788648e9	6.487529566646743e7
0.20248811817357928	1.499204709774517e9	6.57194449077776e7
0.2034698349117207	1.5067939425594816e9	6.657187083250894e7
0.2044538384352777	1.5144049960565968e9	6.743263477563733e7
0.2054401349953583	1.5220379582852383e9	6.83017984800584e7
0.20642873085875826	1.529692917663225e9	6.917942409942363e7
0.20741963230796753	1.5373699630087945e9	7.006557420099697e7
0.20841284564116794	1.545069183542523e9	7.096031176851752e7
0.20940837717224112	1.5527906688893487e9	7.186370020507608e7
0.21040623323077232	1.5605345090805545e9	7.277580333601962e7
0.21140642016206043	1.568300794555829e9	7.369668541185719e7
0.21240894432712423	1.5760896161652951e9	7.462641111118703e7
0.21341381210271526	1.5839010651716132e9	7.556504554364331e7
0.21442102988132547	1.591735233252051e9	7.651265425283988e7
0.21543060407120382	1.5995922125006247e9	7.746930321936025e7
0.21644254109636665	1.6074720954302309e9	7.843505886372437e7
0.2174568473966193	1.6153749749748447e9	7.940998804941201e7
0.21847352942756382	1.6233009444916444e9	8.039415808587025e7
0.2194925936606264	1.6312500977632945e9	8.138763673154815e7
0.22051404658306695	1.6392225290001032e9	8.23904921969432e7
0.2215378946980088	1.6472183328423488e9	8.340279314768043e7
0.22256414452445542	1.6552376043625124e9	8.44246087075835e7
0.22359280259731001	1.6632804390675573e9	8.545600846176574e7
0.22462387546740725	1.6713469329013057e9	8.649706245975836e7
0.22565736970153197	1.6794371822467277e9	8.75478412186321e7
0.22669329188244627	1.6875512839283173e9	8.860841572613512e7
0.22773164860892087	1.6956893352144964e9	8.967885744387345e7
0.22877244649575776	1.7038514338199906e9	9.075923831046563e7
0.22981569217382347	1.7120376779082735e9	9.184963074475442e7
0.23086139229007782	1.7202481660940087e9	9.295010764900805e7
0.2319095535076044	1.7284829974455106e9	9.406074241214153e7
0.23296018250564685	1.7367422714872618e9	9.518160891297513e7
0.23401328597963775	1.7450260882023926e9	9.631278152347904e7
0.23506887064123536	1.753334548035233e9	9.74543351120522e7
0.23612694321835923	1.7616677518938687e9	9.860634504681519e7
0.2371875104552268	1.7700258011527162e9	9.976888719892637e7
0.23825057911238737	1.7784087976551e9	1.0094203794588712e8
0.23931615596676298	1.7868168437158866e9	1.0212587417489845e8
0.24038424781169082	1.7952500421241546e9	1.0332047328622705e8
0.24145486145695316	1.8037084961457765e9	1.0452591319655006e8
0.24252800372883015	1.812192309526191e9	1.057422723423834e8
0.2436036814701321	1.8207015864930377e9	1.0696962968346007e8
0.24468190154024771	1.8292364317589247e9	1.0820806470617498e8
0.24576267081518288	1.837796950524135e9	1.094576574270148e8
0.2468459961876079	1.8463832484794228e9	1.1071848839602244e8
0.24793188456690152	1.8549954318087933e9	1.119906387002706e8
0.24902034287919572	1.863633607192297e9	1.132741899673559e8
0.2501113780674227	1.8722978818088734e9	1.145692243689068e8
0.2512049970913608	1.8809883633391886e9	1.1587582462410866e8
0.2523012069276858	1.889705159968529e9	1.171940740032511e8
0.2534000145700138	1.8984483803896544e9	1.185240563312812e8
0.25450142702895445	1.907218133805737e9	1.1986585599138956e8
0.2556054513321593	1.9160145299332902e9	1.2121955792859459e8
0.25671209452437377	1.9248376790051248e9	1.2258524765336369e8
0.25782136366748387	1.933687691773299e9	1.2396301124522813e8
0.25893326584057375	1.9425646795121484e9	1.2535293535644303e8
0.2600478081399734	1.9514687540212748e9	1.2675510721563764e8
0.2611649976793141	1.9604000276285987e9	1.2816961463150078e8
0.2622848415895798	1.969358613193401e9	1.2959654599647136e8
0.2634073470191637	1.9783446241094155e9	1.3103599029045865e8
0.2645325211339189	1.9873581743079083e9	1.3248803708456098e8
0.2656603711172176	1.996399378260818e9	1.3395277654482226e8
0.26679090417000306	2.0054683509838686e9	1.3543029943599567e8
0.2679241275108482	2.014565208039752e9	1.3692069712531298e8
0.2690600483760113	2.0236900655413005e9	1.384240615862958e8
0.27019867401948977	2.0328430401546621e9	1.3994048540256062e8
0.27134001171308414	2.0420242491025722e9	1.4147006177165428e8
0.2724840687464488	2.0512338101675377e9	1.4301288450889975e8
0.2736308524271545	2.0604718416951349e9	1.4456904805125982e8
0.2747803700807443	2.0697384625972676e9	1.4613864746122137e8
0.2759326290507946	2.0790337923554852e9	1.477217784306925e8
0.2770876366989735	2.0883579510243013e9	1.4931853728491694e8
0.2782454004050988	2.097711059234512e9	1.5092902098639938e8
0.2794059275672009	2.107093238196594e9	1.5255332713886943e8
0.28056922560157777	2.1165046097040355e9	1.5419155399121854e8
0.28173530194286306	2.1259452961367993e9	1.558438004415167e8
0.28290416404407986	2.1354154204646933e9	1.5751016604098046e8
0.28407581937670445	2.144915106250827e9	1.5919075099799436e8
0.28525027543072695	2.154444477655073e9	1.6088565618214518e8
0.28642753971471197	2.164003659437538e9	1.6259498312826535e8
0.2876076197558629	2.1735927769620914e9	1.643188340404957e8
0.2887905231000791	2.1832119561998324e9	1.6605731179635948e8
0.28997625731202165	2.192861323732682e9	1.678105199508605e8
0.29116482997517235	2.202541006756898e9	1.6957856274059215e8
0.292356248691898	2.212251133086686e9	1.7136154508786052e8
0.2935505210835107	2.221991831157765e9	1.731595726048283e8
0.29474765479033166	2.231763230031012e9	1.7497275159767383e8
0.2959476574717506	2.241565459396061e9	1.768011890707523e8
0.29715053680629233	2.2513986495750036e9	1.7864499273079965e8
0.2983563004916756	2.2612629315260196e9	1.8050427099112585e8
0.29956495624487534	2.2711584368470845e9	1.8237913297582993e8
0.3007765118021873	2.2810852977796884e9	1.8426968852404082e8
0.3019909749192873	2.291043647212547e9	1.8617604819416055e8
0.303208353371296	2.3010336186853685e9	1.8809832326813316e8
0.3044286549528385	2.3110553463925986e9	1.9003662575571272e8
0.30565188747810795	2.321108965187228e9	1.9199106839876133e8
0.3068780587809253	2.3311946105845695e9	1.9396176467555028e8
0.3081071767148058	2.341312418766124e9	1.9594882880510017e8
0.3093392491530109	2.351462526583342e9	1.9795237575147793e8
0.3105742839886212	2.361645071561578e9	1.999725212281871e8
0.31181228913458764	2.371860191903884e9	2.0200938170249853e8
0.3130532725237973	2.3821080264949465e9	2.0406307439984447e8
0.3142972421091328	2.3923887149049845e9	2.0613371730819997e8
0.31554420586353255	2.4027023973936834e9	2.0822142918249053e8
0.3167941717800493	2.4130492149141307e9	2.1032632954899755e8
0.3180471478719114	2.4234293091167855e9	2.1244853870980382e8
0.31930314217258166	2.4338428223534675e9	2.145881777472192e8
0.3205621627358157	2.4442898976813426e9	2.1674536852824798e8
0.3218242176357202	2.4547706788669386e9	2.189202337090384e8
0.3230893149668103	2.465285310390176e9	2.2111289673937735e8
0.32435746284406974	2.47583393744843e9	2.2332348186717096e8
0.32562866940300417	2.486416705960571e9	2.255521141429515e8
0.3269029427997003	2.497033762571063e9	2.2779891942438594e8
0.32818029121088205	2.5076852546540647e9	2.3006402438080826e8
0.32946072283396455	2.518371330317526e9	2.3234755649774504e8
0.3307442458871079	2.529092138407315e9	2.3464964408146462e8
0.3320308686092779	2.539847828511407e9	2.3697041626355112e8
0.3333205992602893	2.550638550963963e9	2.393100030054357e8
0.3346134461208689	2.5614644568495927e9	2.416685351030109e8
0.3359094174927008	2.5723256980074787e9	2.4404614419119206e8
0.3372085216984841	2.5832224270356364e9	2.4644296274853274e8
0.3385107670819778	2.594154797295085e9	2.4885912410181394e8
0.33981616200805503	2.605122962914118e9	2.512947624306683e8
0.341124714862752	2.6161270787925415e9	2.53750012772202e8
0.3424364340533132	2.62716730060592e9	2.562250110256217e8
0.3437513280082453	2.6382437848099003e9	2.5871989395688295e8
0.3450694051773597	2.649356688644467e9	2.612347992033315e8
0.3463906740318183	2.6605061701382484e9	2.6376986527835664e8
0.347715143064181	2.671692388112849e9	2.6632523157605985e8
0.34904282078844845	2.682915502187181e9	2.689010383759196e8
0.3503737157401074	2.6941756727818174e9	2.714974268474687e8
0.3517078364761695	2.7054730611233244e9	2.741145390549743e8
0.3530451915752137	2.7168078292486434e9	2.767525179621173e8
0.3543857896374298	2.728180140009502e9	2.794115074367109e8
0.3557296392846517	2.739590157076759e9	2.820916522553658e8
0.3570767491604017	2.751038044944862e9	2.8479309810821795e8
0.35842712792992304	2.7625239689362345e9	2.87515991603627e8
0.3597807842802155	2.774048095205703e9	2.9026048027287865e8
0.36113772692007273	2.785610590744959e9	2.9302671257491827e8
0.3624979645801149	2.797211623387007e9	2.958148379010538e8
0.3638615060128181	2.8088513618106055e9	2.986250065796819e8
0.36522835999254816	2.8205299755447636e9	3.0145736988101476e8
0.3665985353155889	2.8322476349732127e9	3.0431208002179587e8
0.3679720408001702	2.844004511338899e9	3.0718929017004406e8
0.36934888528649595	2.8558007767484956e9	3.1008915444976425e8
0.37072907763676805	2.8676366041769e9	3.1301182794569117e8
0.3721126267352095	2.8795121674717474e9	3.159574667080033e8
0.3734995414880906	2.8914276413579664e9	3.189262277570712e8
0.37488983082374494	2.9033832014422803e9	3.219182690881667e8
0.37628350369259445	2.915379024217791e9	3.2493374967621154e8
0.37768056906716363	2.927415287068502e9	3.2797282948049366e8
0.37908103594209436	2.939492168273862e9	3.3103566944938296e8
0.38048491333416773	2.9516098470133934e9	3.341224315250771e8
0.3818922102823084	2.9637685033711896e9	3.3723327864829606e8
0.3833029358476031	2.97596831834055e9	3.40368374763017e8
0.38471709911330604	2.9882094738285313e9	3.435278848211789e8
0.3861347091848498	3.000492152660562e9	3.4671197478739464e8
0.38755577518984924	3.0128165385850105e9	3.4992081164364785e8
0.3889803062781074	3.0251828162778087e9	3.531545633940001e8
0.3904083116216185	3.0375911713470483e9	3.564133990692751e8
0.3918398004145671	3.050041790337585e9	3.596974887317522e8
0.3932747818733301	3.0625348607356653e9	3.6300700347984403e8
0.39471326523646905	3.075070570973517e9	3.663421154527606e8
0.39615525976473076	3.087649110434e9	3.697029978351859e8
0.39760077474103445	3.1002706694551897e9	3.730898248619194e8
0.3990498194704685	3.1129354393350406e9	3.7650277182253486e8
0.4005024032802764	3.1256436123359866e9	3.799420150660126e8
0.40195853551984323	3.138395381689566e9	3.834077320053612e8
0.40341822556068246	3.151190941601068e9	3.869001011222378e8
0.40488148279641784	3.1640304872541394e9	3.9041930197155654e8
0.40634831664276394	3.1769142148154345e9	3.9396551518607295e8
0.40781873653750234	3.1898423214392056e9	3.975389224809604e8
0.4092927519404641	3.2028150052719936e9	4.0113970665840024e8
0.4107703723334958	3.2158324654571857e9	4.047680516121058e8
0.4122516072204368	3.2288949021396866e9	4.084241423318787e8
0.41373646612708614	3.242002516470522e9	4.1210816490812874e8
0.41522495860116915	3.255155510611452e9	4.158203065363781e8
0.4167170942123031	3.268354087739607e9	4.1956075552175903e8
0.4182128825519605	3.2815984520520988e9	4.233297012834918e8
0.4197123332334252	3.294888808770608e9	4.2712733435933006e8
0.4212154558917521	3.3082253641460075e9	4.3095384641000867e8
0.42272226018372183	3.3216083254629664e9	4.3480943022366846e8
0.4242327557877926	3.335037901044532e9	4.3869427972025317e8
0.4257469524040517	3.3485143002567506e9	4.426085899558942e8
0.42726485975415684	3.362037733513187e9	4.465525571272592e8
0.4287864875812877	3.375608412279572e9	4.5052637857590926e8
0.4303118456500824	3.3892265490783224e9	4.5453025279260415e8
0.4318409437465819	3.402892357493146e9	4.585643794216098e8
0.4333737916781591	3.41660605217354e9	4.626289592649455e8
0.4349103992734592	3.4303678488393803e9	4.667241942866545e8
0.43645077638232943	3.444177964285459e9	4.7085028761702925e8
0.4379949328757426	3.4580366163859615e9	4.750074435567774e8
0.439542878645727	3.471944024099029e9	4.7919586758122146e8
0.44109462360529017	3.4859004074712677e9	4.834157663444439e8
0.4426501776883316	3.499905987642187e9	4.876673476833755e8
0.4442095508495686	3.5139609868487554e9	4.919508206219207e8
0.44577275306444186	3.5280656284298043e9	4.96266395374981e8
0.4473397943290312	3.542220136830519e9	5.006142833525138e8
0.44891068465996364	3.556424737606892e9	5.0499469716351825e8
0.4504854340943147	3.5706796574301124e9	5.094078506199968e8
0.45206405268951355	3.5849851240910134e9	5.138539587409077e8
0.4536465505232409	3.5993413665044594e9	5.183332377560526e8
0.4552329376933259	3.6137486147137446e9	5.2284590510997033e8
0.4568232243176372	3.6282070998949437e9	5.273921794657452e8
0.45841742053397133	3.642717054361248e9	5.319722807088202e8
0.46001553649994353	3.6572787115673456e9	5.3658642995077425e8
0.46161758239286854	3.671892306113708e9	5.412348495330434e8
0.4632235684096398	3.6865580737508817e9	5.459177630306094e8
0.46483350476660973	3.7012762513837996e9	5.506353952556725e8
0.46644740169945775	3.7160470770759835e9	5.553879722612396e8
0.46806526946306865	3.7308707900538545e9	5.601757213447441e8
0.46968711833139304	3.745747630710898e9	5.64998871051544e8
0.4713129585973168	3.7606778406118946e9	5.698576511784568e8
0.4729428005725161	3.7756616624970646e9	5.747522927771791e8
0.47457665458732096	3.790699340286256e9	5.796830281577423e8
0.47621453099056454	3.805791119083048e9	5.846500908918487e8
0.4778564401494383	3.8209372451788898e9	5.896537158162341e8
0.47950239244933424	3.836137966057137e9	5.946941390359162e8
0.48115239829369594	3.851393530397172e9	5.997715979274845e8
0.48280646810385225	3.866704188078382e9	6.048863311422406e8
0.4844646123188597	3.882070190184205e9	6.100385786093884e8
0.48612684139533413	3.89749178900609e9	6.152285815391177e8
0.4877931658072833	3.912969238047478e9	6.204565824256668e8
0.48946359604593237	3.928502792027705e9	6.25722825050323e8
0.49113814261954775	3.9440927068859105e9	6.310275544843798e8
0.4928168160532586	3.959739239784918e9	6.363710170920519e8
0.49449962688887233	3.9754426491150646e9	6.417534605333191e8
0.4961865856846915	3.991203194498043e9	6.471751337667534e8
0.49787770301531886	4.00702113679064e9	6.526362870522538e8
0.49957298947146817	4.022896738088532e9	6.58137171953757e8
0.5012724556597656	4.0388302617299886e9	6.636780413418859e8
0.5029761122025485	4.054821972299545e9	6.692591493965423e8
0.5046839697376656	4.070872135631714e9	6.748807516094607e8
0.5063960389182637	4.0869810188145356e9	6.805431047866695e8
0.5081123304125836	4.103148890193243e9	6.862464670509518e8
0.5098328549037409	4.119376019373759e9	6.919910978441901e8
0.5115576230895122	4.135662677226275e9	6.977772579297155e8
0.5132866456821109	4.152009135888687e9	7.036052093945316e8
0.5150199334079647	4.168415668770082e9	7.094752156515478e8
0.5167574970074884	4.1848825505541525e9	7.15387541441707e8
0.5184993472348504	4.2014100572025647e9	7.213424528360705e8
0.5202454948577404	4.2179984659583144e9	7.273402172378503e8
0.5219959506571287	4.2346480553490157e9	7.333811033843577e8
0.5237507254270257	4.2513591051901784e9	7.394653813489174e8
0.5255098299742395	4.268131896588461e9	7.455933225427127e8
0.5272732751181243	4.2849667119448304e9	7.517651997165577e8
0.5290410716903282	4.301863834957706e9	7.579812869626021e8
0.5308132305345433	4.318823550626122e9	7.642418597160203e8
0.5325897625062409	4.335846145252738e9	7.705471947565591e8
0.5343706784724129	4.352931906446896e9	7.76897570210088e8
0.5361559893113084	4.3700811231276245e9	7.832932655500633e8
0.5379457059121632	4.387294085526575e9	7.897345615989171e8
0.5397398391749263	4.40457108519089e9	7.962217405293758e8
0.5415384000099905	4.421912414986132e9	8.02755085865751e8
0.5433413993379104	4.439318369099054e9	8.093348824851284e8
0.5451488480891217	4.4567892430404e9	8.159614166184852e8
0.546960757203657	4.474325333647609e9	8.226349758517762e8
0.5487771376308603	4.491926939087551e9	8.293558491269268e8
0.5505980003290928	4.509594358859117e9	8.361243267427511e8
0.5524233562654414	4.527327893795853e9	8.429407003558277e8
0.5542532164154209	4.545127846068498e9	8.498052629812858e8
0.5560875917626762	4.562994519187506e9	8.567183089935328e8
0.5579264932986774	4.580928218005495e9	8.636801341269128e8
0.5597699320224123	4.598929248719649e9	8.706910354762795e8
0.5616179189400823	4.616997918874115e9	8.777513114975291e8
0.5634704650647887	4.635134537362327e9	8.848612620080477e8
0.565327581416214	4.653339414429217e9	8.920211881870596e8
0.5671892790203145	4.671612861673561e9	8.992313925759838e8
0.5690555689089873	4.689955192050009e9	9.064921790786144e8
0.5709264621197601	4.708366719871353e9	9.138038529613358e8
0.5728019696954562	4.726847760810515e9	9.211667208531795e8
0.5746821026838721	4.745398631902635e9	9.285810907458751e8
0.5765668721374417	4.764019651547003e9	9.360472719937754e8
0.5784562891129102	4.782711139509074e9	9.435655753137769e8
0.5803503646709907	4.801473416922267e9	9.511363127850924e8
0.582249109876031	4.820306806289875e9	9.587597978490171e8
0.5841525357956664	4.83921163148676e9	9.664363453085628e8
0.5860606535004883	4.858188217761225e9	9.741662713281137e8
0.5879734740636857	4.877236891736567e9	9.819498934328868e8
0.5898910085607068	4.896357981412802e9	9.897875305084378e8
0.5918132680689044	4.915551816168215e9	9.976795028000113e8
0.5937402636671838	4.934818726760883e9	1.0056261319118633e9
0.5956720064356537	4.954159045330216e9	1.013627740806522e9
0.5976085074552646	4.973573105398349e9	1.0216846538039365e9
0.5995497778074533	4.993061241871528e9	1.0297971965805826e9
0.6014958285737783	5.012623791041428e9	1.0379656961684769e9
0.6034466708355685	5.032261090586515e9	1.0461904809541883e9
0.6054023156735473	5.051973479573183e9	1.0544718806776623e9
0.6073627741674761	5.071761298456999e9	1.0628102264310945e9
0.6093280573957816	5.0916248890837965e9	1.0712058506576385e9
0.6112981764351897	5.111564594690773e9	1.079659087150116e9
0.6132731423603563	5.131580759907534e9	1.0881702710496244e9
0.6152529662434933	5.151673730757042e9	1.0967397388440666e9
0.617237659153998	5.171843854656579e9	1.105367828366649e9
0.6192272321580757	5.192091480418585e9	1.1140548787942595e9
0.6212216963183671	5.212416958251522e9	1.122801230645841e9
0.6232210626935694	5.232820639760621e9	1.1316072257806346e9
0.6252253423380602	5.253302877948645e9	1.140473207396406e9
0.6272345463015165	5.273864027216528e9	1.1493995200275815e9
0.6292486856285393	5.294504443364052e9	1.1583865095433285e9
0.6312677713582644	5.315224483590347e9	1.1674345231455371e9
0.6332918145239914	5.3360245064945135e9	1.1765439093668141e9
0.6353208261527927	5.356904872076029e9	1.1857150180683198e9
0.6373548172651351	5.377865941735207e9	1.19494820043761e9
0.6393937988744971	5.3989080782736025e9	1.2042438089863956e9
0.6414377819869793	5.420031645894271e9	1.2136021975482109e9
0.6434867776009271	5.441237010202145e9	1.2230237212760737e9
0.6455407967065416	5.462524538204209e9	1.232508736640044e9
0.6475998502854956	5.483894598309709e9	1.2420576014247346e9
0.6496639493105499	5.505347560330304e9	1.2516706747267742e9
0.6517331047451673	5.526883795480152e9	1.261348316952194e9
0.6538073275431233	5.548503676375926e9	1.2710908898137455e9
0.6558866286481305	5.570207577036898e9	1.2808987563282304e9
0.6579710189934442	5.591995872884813e9	1.2907722808136704e9
0.6600605095014814	5.613868940743832e9	1.3007118288864994e9
0.6621551110834397	5.6358271588404255e9	1.3107177674586911e9
0.6642548346389081	5.657870906803153e9	1.3207904647347941e9
0.6663596910554856	5.680000565662456e9	1.3309302902089546e9
0.6684696912083998	5.702216517850394e9	1.3411376146618695e9
0.6705848459601235	5.724519147200347e9	1.3514128101576953e9
0.6727051661599937	5.746908838946643e9	1.361756250040906e9
0.6748306626438308	5.769385979724181e9	1.3721683089330955e9
0.6769613462335601	5.791950957567982e9	1.3826493627297444e9
0.679097227736832	5.814604161912725e9	1.3931997885969293e9
0.6812383179466456	5.837345983592221e9	1.4038199649679968e9
0.6833846276409726	5.860176814838866e9	1.4145102715401862e9
0.6855361675823813	5.883097049283031e9	1.4252710892712045e9
0.6876929485176654	5.906107081952447e9	1.4361028003757777e9
0.6898549811774706	5.929207309271523e9	1.4470057883221457e9
0.6920222762759226	5.952398129060616e9	1.4579804378285046e9
0.6941948445102623	5.975679940535321e9	1.4690271348594565e9
0.6963726965604745	5.999053144305654e9	1.480146266622357e9
0.6985558430889292	6.022518142375292e9	1.4913382215637114e9
0.7007442947400082	6.046075338140615e9	1.502603389365418e9
0.7029380621397538	6.069725136389926e9	1.51394216094111e9
0.7051371558955043	6.093467943302474e9	1.5253549284323595e9
0.7073415865955381	6.117304166447507e9	1.5368420852049148e9
0.7095513648087193	6.1412342147832985e9	1.5484040258448672e9
0.7117665010841452	6.165258498656123e9	1.560041146154822e9
0.7139870059507948	6.189377429799197e9	1.5717538431500058e9
0.7162128899171877	6.213591421331669e9	1.5835425150544178e9
0.7184441634710279	6.237900887757389e9	1.5954075612968247e9
0.7206808370788729	6.262306244963906e9	1.6073493825069e9
0.7229229211857884	6.286807910221231e9	1.6193683805112107e9
0.725170426215011	6.311406302180655e9	1.631464958329224e9
0.7274233625676174	6.336101840873552e9	1.6436395201693223e9
0.7296817406221966	6.360894947710189e9	1.6558924714247937e9
0.7319455707345133	6.38578604547835e9	1.6682242186697385e9
0.7342148632371913	6.410775558342151e9	1.680635169655054e9
0.7364896284393907	6.435863911840698e9	1.693125733304364e9
0.7387698766264884	6.461051532886757e9	1.705696319709917e9
0.7410556180597648	6.486338849765408e9	1.718347340128506e9
0.743346862976092	6.511726292132663e9	1.731079206977372e9
0.7456436215876303	6.5372142910141325e9	1.7438923338300939e9
0.7479459040815175	6.562803278803534e9	1.7567871354124587e9
0.750253720619576	6.588493689261355e9	1.7697640275983667e9
0.7525670813380093	6.614285957513332e9	1.782823427405674e9
0.7548859963471185	6.640180520049096e9	1.795965752992116e9
0.7572104757310042	6.6661778147206e9	1.809191423651126e9
0.7595405295472896	6.692278280740727e9	1.8225008598077612e9
0.761876167826835	6.718482358681726e9	1.8358944830145469e9
0.7642174005734635	6.744790490473758e9	1.8493727159473698e9
0.7665642377636888	6.771203119403345e9	1.8629359824013717e9
0.7689166893464484	6.797720690111896e9	1.8765847072868507e9
0.7712747652428343	6.824343648594081e9	1.8903193166251254e9
0.7736384753458395	6.851072442196373e9	1.9041402375444849e9
0.7760078295201022	6.877907519615481e9	1.9180478982761197e9
0.7783828376016529	6.904849330896773e9	1.9320427281500263e9
0.7807635093976696	6.931898327432718e9	1.9461251575909786e9
0.7831498546862368	6.959054961961353e9	1.960295618114497e9
0.7855418832161077	6.986319688564672e9	1.9745545423228202e9
0.7879396047064728	7.013692962667092e9	1.9889023639009154e9
0.7903430288467347	7.041175241033879e9	2.003339517612516e9
0.7927521652962781	7.068766981769526e9	2.017866439296124e9
0.7951670236842634	7.096468644316289e9	2.032483565861139e9
0.7975876136094008	7.124280689452469e9	2.0471913352838774e9
0.8000139446397545	7.152203579291e9	2.0619901866037645e9
0.8024460263125345	7.180237777277812e9	2.0768805599194403e9
0.8048838681338921	7.208383748190211e9	2.0918628963849006e9
0.8073274795787388	7.236641958135447e9	2.1069376382057717e9
0.8097768700905513	7.265012874549099e9	2.1221052286355002e9
0.812232049081188	7.293496966193521e9	2.1373661119716134e9
0.8146930259307146	7.322094703156343e9	2.152720733552048e9
0.8171598099872319	7.350806556848961e9	2.168169539751481e9
0.8196324105667046	7.37963300000497e9	2.1837129779776826e9
0.8221108369528007	7.40857450667868e9	2.199351496667933e9
0.824595098396739	7.437631552243675e9	2.215085545285499e9
0.8270852041171279	7.46680461339123e9	2.230915574316071e9
0.8295811632998323	7.496094168128974e9	2.246842035264374e9
0.8320829850978196	7.525500695779314e9	2.262865380650652e9
0.8345906786310322	7.555024676978072e9	2.2789860640073524e9
0.8371042529862549	7.584666593673054e9	2.295204539875767e9
0.8396237172169914	7.614426929122638e9	2.3115212638027515e9
0.8421490803433392	7.644306167894344e9	2.3279366923374543e9
0.844680351351885	7.674304795863562e9	2.3444512830281773e9
0.8472175391955865	7.704423300212096e9	2.361065494419181e9
0.8497606527936763	7.734662169426918e9	2.3777797860476294e9
0.852309701031559	7.765021893298798e9	2.3945946184405313e9
0.8548646927607234	7.795502962921074e9	2.411510453111773e9
0.8574256367986481	7.826105870688285e9	2.42852775255914e9
0.8599925419287324	7.856831110295101e9	2.445646980261534e9
0.8625654169002046	7.8876791767349e9	2.4628686006760325e9
0.8651442704280657	7.918650566298747e9	2.4801930792352405e9
0.8677291111930135	7.949745776574108e9	2.4976208823445e9
0.8703199478413889	7.980965306443768e9	2.515152477379306e9
0.8729167889851173	8.012309656084675e9	2.5327883326826673e9
0.875519643201667	8.043779326966939e9	2.550528917562661e9
0.8781285190339922	8.075374821852603e9	2.568374702289864e9
0.8807434249905111	8.107096644794816e9	2.586326158095071e9
0.8833643695450585	8.138945301136648e9	2.6043837571668606e9
0.8859913611368683	8.170921297510252e9	2.6225479726493998e9
0.8886244081705451	8.203025141835831e9	2.6408192786401863e9
0.8912635190160505	8.235257343320772e9	2.65919815018794e9
0.8939087020086902	8.267618412458762e9	2.677685063290524e9
0.8965599654491089	8.3001088610289345e9	2.6962804948929396e9
0.8992173176032876	8.332729202095061e9	2.7149849228853903e9
0.901880766702548	8.365479950004765e9	2.7337988261014104e9
0.9045503209435621	8.39836162038876e9	2.7527226843160686e9
0.9072259884883669	8.431374730160181e9	2.7717569782442503e9
0.9099077774643858	8.464519797513899e9	2.7909021895390043e9
0.9125956959644491	8.497797341925841e9	2.8101588007899346e9
0.915289752046825	8.531207884152407e9	2.829527295521689e9
0.9179899537352583	8.564751946229932e9	2.849008158192553e9
0.9206963090190046	8.598430051474108e9	2.8686018741930366e9
0.9234088258528799	8.632242724479548e9	2.888308929844621e9
0.9261275121573073	8.666190491119276e9	2.9081298123985043e9
0.928852375818372	8.70027387854434e9	2.9280650100344687e9
0.9315834246878798	8.73449341518341e9	2.9481150118597956e9
0.9343206665834269	8.768849630742523e9	2.9682803079083138e9
0.9370641092884597	8.803343056204649e9	2.988561389139404e9
0.9398137605523545	8.837974223829529e9	3.008958747437199e9
0.9425696280904969	8.872743667153463e9	3.029472875609827e9
0.9453317195843611	8.907651920989092e9	3.050104267388681e9
0.9481000426815962	8.942699521425232e9	3.0708534174277973e9
0.9508746049961256	8.977887005826893e9	3.091720821303367e9
0.9536554141082351	9.013214912835104e9	3.112706975513208e9
0.9564424775646794	9.048683782366982e9	3.1338123774764223e9
0.9592358028787836	9.08429415561571e9	3.1550375255330515e9
0.9620353975305561	9.120046575050652e9	3.176382918943871e9
0.9648412689668014	9.155941584417456e9	3.19784905789023e9
0.9676534246012367	9.191979728738207e9	3.219436443473958e9
0.9704718718146138	9.2281615543116e9	3.2411455777173557e9
0.9732966179548493	9.264487608713255e9	3.2629769635633144e9
0.9761276703371512	9.300958440795958e9	3.2849311048754272e9
0.9789650362441547	9.337574600689995e9	3.3070085064382405e9
0.9818087229260607	9.374336639803555e9	3.3292096739575663e9
0.9846587376007749	9.411245110823092e9	3.3515351140608397e9
0.9875150874540574	9.448300567713844e9	3.37398533429761e9
0.9903777796396721	9.485503565720345e9	3.396560843140085e9
0.993246821279536	9.52285466136692e9	3.4192621499837184e9
0.9961222194638822	9.560354412458353e9	3.4420897651479454e9
0.9990039812513851	9.598003378080084e9	3.4650441998766704e9
1.0018921136694419	9.63580211860041e9	3.4881259663400817e9
1.0047866237141707	9.673751195669033e9	3.511335577634189e9
1.0076875183506904	9.71185117221923e9	3.534673547782706e9
1.010594804513275	9.750102612468428e9	3.5581403917379766e9
1.013508489105515	9.78850608191886e9	3.5817366253819947e9
1.0164285790005132	9.827062147358683e9	3.605462765527759e9
1.0193550810410605	9.865771376862806e9	3.629319329920509e9
1.0222880020398244	9.904634339793938e9	3.6533068372391167e9
1.025227348779539	9.943651606803623e9	3.67742580709755e9
1.0281731280131903	9.982823749833233e9	3.7016767600463305e9
1.0311253464642258	1.002215134211528e10	3.7260602175742474e9
1.0340840108267382	1.0061634958174417e10	3.7505767021099296e9
1.0370491277656722	1.0101275173828733e10	3.7752267370236173e9
1.040020703917028	1.014107256619101e10	3.800010846629002e9
1.0429987458880625	1.0181027713669966e10	3.8249295561850615e9
1.045983260257507	1.0221141195971735e10	3.8499833918981047e9
1.0489742535757656	1.0261413594101095e10	3.875172880923687e9
1.0519717323651365	1.0301845490363014e10	3.900498551368811e9
1.0549757031200235	1.0342437468364069e10	3.925960932294024e9
1.0579861723071593	1.0383190113014053e10	3.9515605537157354e9
1.0610031463658127	1.042410401052736e10	3.9772979466084056e9
1.0640266317080271	1.0465179748424837e10	4.0031736429070873e9
1.0670566347188304	1.0506417915535223e10	4.0291881755097094e9
1.0700931617564624	1.0547819101996881e10	4.055342078279645e9
1.0731362191526121	1.0589383899259653e10	4.0816358860483537e9
1.0761858132126358	1.063111290008648e10	4.1080701346179175e9
1.079241950215793	1.067300669855529e10	4.1346453607638288e9
1.0823046364154811	1.0715065890060871e10	4.1613621022377315e9
1.085373878039464	1.0757291071316708e10	4.1882208977702484e9
1.088449681290114	1.079968284035699e10	4.2152222870739136e9
1.0915320523446421	1.0842241796538483e10	4.242366810846077e9
1.0946209973553507	1.088496854054276e10	4.26965501077206e9
1.0977165224498544	1.092786367437799e10	4.297087429528064e9
1.1008186337313335	1.0970927801381182e10	4.324664610784422e9
1.1039273372787783	1.1014161526220377e10	4.352387099208842e9
1.1070426391472252	1.1057565454896688e10	4.380255440469574e9
1.1101645453680067	1.1101140194746616e10	4.408270181238804e9
1.1132930619489976	1.114488635444429e10	4.43643186919604e9
1.1164281948748553	1.1188804544003664e10	4.464741053031476e9
1.1195699501072782	1.1232895374781006e10	4.493198282449608e9
1.1227183335852458	1.1277159459477142e10	4.521804108172695e9
1.125873351225272	1.1321597412139921e10	4.550559081944411e9
1.1290350089216545	1.136620984816662e10	4.579463756533484e9
1.132203312546726	1.1410997384306467e10	4.608518685737446e9
1.1353782679511033	1.1455960638663092e10	4.637724424386349e9
1.1385598809639434	1.150110023069714e10	4.667081528346651e9
1.141748157393195	1.1546416781228855e10	4.696590554525059e9
1.1449431030258463	1.1591910912440622e10	4.726252060872412e9
1.1481447236281865	1.1637583247879719e10	4.756066606387738e9
1.1513530249460524	1.168343441246093e10	4.786034751122206e9
1.1545680127050886	1.1729465032469362e10	4.816157056183248e9
1.157789692610995	1.1775675735563086e10	4.846434083738626e9
1.1610180703497854	1.1822067150776007e10	4.876866397020637e9
1.164253151588045	1.186863990852071e10	4.907454560330339e9
1.1674949419731748	1.1915394640591202e10	4.93819913904173e9
1.170743447133657	1.1962331980165928e10	4.969100699606154e9
1.173998672679302	1.2009452561810598e10	5.000159809556551e9
1.177260624201507	1.205675702148121e10	5.031377037511917e9
1.1805293072735095	1.2104245996527e10	5.062752953181705e9
1.18380472745064	1.2151920125693443e10	5.094288127370295e9
1.1870868902705725	1.2199780049125256e10	5.12598313198147e9
1.1903758012535888	1.2247826408369621e10	5.157838540023069e9
1.193671465902821	1.2296059846379143e10	5.189854925611494e9
1.1969738897045075	1.2344481007514997e10	5.222032863976348e9
1.2002830781282496	1.2393090537550201e10	5.254372931465154e9
1.2035990366272555	1.2441889083672646e10	5.286875705547983e9
1.2069217706385986	1.249087729448842e10	5.319541764822257e9
1.2102512855834662	1.254005582002504e10	5.352371689017519e9
1.2135875868674075	1.2589425311734682e10	5.385366059000203e9
1.216930679880588	1.2638986422497524e10	5.418525456778524e9
1.2202805699980335	1.2688739806625036e10	5.4518504655073395e9
1.2236372625798795	1.2738686119863337e10	5.485341669493029e9
1.227000762971623	1.278882601939659e10	5.518999654198498e9
1.2303710765043638	1.2839160163850393e10	5.552825006248103e9
1.2337482084950524	1.2889689213295193e10	5.58681831343266e9
1.2371321642467363	1.2940413829249752e10	5.620980164714512e9
1.2405229490488001	1.299133467468458e10	5.655311150232523e9
1.243920568177217	1.3042452414025537e10	5.689811861307264e9
1.2473250268947793	1.309376771315721e10	5.724482890446013e9
1.2507363304513517	1.314528123942659e10	5.75932483134802e9
1.2541544840840995	1.3196993661646502e10	5.794338278909556e9
1.2575794930177397	1.3248905650099358e10	5.829523829229218e9
1.2610113624647687	1.3301017876540594e10	5.864882079613048e9
1.2644500976257087	1.3353331014202465e10	5.900413628579888e9
1.2678957036893341	1.3405845737797546e10	5.936119075866527e9
1.271348185832913	1.345856272352253e10	5.971999022433078e9
1.2748075492224344	1.351148264906178e10	6.008054070468208e9
1.2782737990128503	1.356460619359124e10	6.04428482339459e9
1.281746940348296	1.3617934037781982e10	6.080691885874133e9
1.2852269783623247	1.3671466863804056e10	6.117275863813413e9
1.2887139181781364	1.3725205355330225e10	6.154037364369072e9
1.2922077649087993	1.3779150197539722e10	6.190976995953155e9
1.2957085236574857	1.3833302077122175e10	6.22809536823867e9
1.2992161995176872	1.3887661682281311e10	6.265393092164912e9
1.3027307975734392	1.3942229702738815e10	6.302870779942968e9
1.3062523228995464	1.399700682973826e10	6.340529045061227e9
1.3097807805617963	1.4051993756048872e10	6.378368502290786e9
1.3133161756171838	1.410719117596955e10	6.4163897676910715e9
1.316858513114127	1.4162599785332674e10	6.454593458615302e9
1.320407798092676	1.4218220281508028e10	6.492980193715975e9
1.3239640355847384	1.427405336340684e10	6.531550592950543e9
1.3275272306142816	1.4330099731485607e10	6.570305277586862e9
1.3310973881975474	1.4386360087750116e10	6.609244870208802e9
1.3346745133432665	1.4442835135759516e10	6.648369994721894e9
1.3382586110528536	1.4499525580630106e10	6.687681276358791e9
1.3418496863206275	1.4556432129039547e10	6.727179341685029e9
1.3454477441340063	1.4613555489230782e10	6.766864818604531e9
1.3490527894737159	1.4670896371016123e10	6.806738336365319e9
1.3526648273139863	1.472845548578123e10	6.846800525565072e9
1.3562838626227554	1.4786233546489237e10	6.887052018156823e9
1.3599099003618638	1.4844231267684797e10	6.92749344745458e9
1.363542945487254	1.490244936549817e10	6.968125448139021e9
1.3671830029491636	1.4960888557649345e10	7.008948656263135e9
1.370830077692318	1.5019549563452108e10	7.049963709257902e9
1.3744841746561234	1.5078433103818195e10	7.091171245937982e9
1.3781452987748533	1.5137539901261395e10	7.132571906507377e9
1.3818134549778367	1.5196870679901676e10	7.174166332565122e9
1.3854886481896522	1.5256426165469465e10	7.215955167111049e9
1.389170883330299	1.5316207085309587e10	7.257939054551376e9
1.3928601653153874	1.5376214168385586e10	7.300118640704471e9
1.396556499056324	1.543644814528395e10	7.342494572806595e9
1.4002598894604807	1.5496909748218136e10	7.385067499517532e9
1.4039703414313787	1.5557599711032892e10	7.427838070926333e9
1.4076878598688634	1.5618518769208408e10	7.47080693855706e9
1.411412449669278	1.5679667659864595e10	7.5139747553744755e9
1.4151441157256341	1.57410471217652e10	7.557342175789745e9
1.4188828629277854	1.5802657895322151e10	7.600909855666194e9
1.4226286961625918	1.5864500722599695e10	7.644678452324975e9
1.4263816203140944	1.5926576347318754e10	7.6886486245508795e9
1.4301416402636715	1.5988885514861095e10	7.73282103259796e9
1.4339087608902061	1.605142897227358e10	7.777196338195266e9
1.4376829870702486	1.6114207468272486e10	7.821775204552625e9
1.4414643236781757	1.6177221753247768e10	7.866558296366299e9
1.4452527755863498	1.6240472579267345e10	7.911546279824756e9
1.449048347665272	1.6303960700081333e10	7.956739822614304e9
1.4528510447837404	1.6367686871126396e10	8.002139593924889e9
1.4566608718089988	1.643165184952999e10	8.047746264455733e9
1.460477833606896	1.6495856394114761e10	8.093560506421127e9
1.4643019350420265	1.6560301265402773e10	8.13958299355607e9
1.46813318097788	1.6624987225619781e10	8.185814401121962e9
1.4719715762769894	1.668991503869965e10	8.232255405912343e9
1.4758171258010793	1.6755085470288689e10	8.278906686258639e9
1.4796698344111956	1.6820499287749826e10	8.325768922035688e9
1.4835297069678617	1.6886157260167143e10	8.3728427946676235e9
1.487396748331204	1.6952060158350046e10	8.420128987133406e9
1.4912709633610968	1.7018208754837664e10	8.467628183972582e9
1.4951523569172982	1.7084603823903278e10	8.515341071290954e9
1.4990409338595791	1.715124614155852e10	8.563268336766208e9
1.5029366990478596	1.721813648555784e10	8.61141066965362e9
1.5068396573423366	1.7285275635402798e10	8.65976876079169e9
1.5107498136036146	1.7352664372346462e10	8.708343302607782e9
1.5146671726928316	1.7420303479397747e10	8.75713498912383e9
1.5185917394717858	1.7488193741325817e10	8.806144515961914e9
1.522523518803055	1.755633594466434e10	8.855372580349897e9
1.5264625155501268	1.7624730877716072e10	8.904819881127125e9
1.5304087345775106	1.7693379330556995e10	8.954487118749958e9
1.5343621807508592	1.7762282095040825e10	9.004374995297417e9
1.53832285893709	1.7831439964803425e10	9.054484214476845e9
1.5422907740044918	1.7900853735267006e10	9.104815481629387e9
1.54626593082285	1.7970524203644764e10	9.15536950373575e9
1.5502483342635451	1.8040452168945007e10	9.20614698942159e9
1.5542379891996798	1.8110638431975792e10	9.257148648963303e9
1.5582349005061698	1.8181083795349056e10	9.308375194293385e9
1.5622390730598654	1.825178906348521e10	9.35982733900616e9
1.5662505117396506	1.8322755042617428e10	9.411505798363241e9
1.5702692214265515	1.8393982540796097e10	9.463411289299137e9
1.5742952070038312	1.8465472367893116e10	9.515544530426702e9
1.5783284733571041	1.8537225335606472e10	9.56790624204282e9
1.5823690253744191	1.860924225746436e10	9.620497146133722e9
1.586416867946371	1.8681523948829853e10	9.673317966380663e9
1.590472005966191	1.8754071226905136e10	9.72636942816535e9
1.594534444329845	1.8826884910736008e10	9.779652258575495e9
1.5986041879361232	1.8899965821216187e10	9.833167186410229e9
1.6026812416867333	1.8973314781091736e10	9.886914942185608e9
1.6067656104863932	1.904693261496551e10	9.940896258140097e9
1.610857299242918	1.91208201493015e10	9.995111868240019e9
1.6149563128673112	1.9194978212429317e10	1.004956250818506e10
1.619062656273845	1.926940763454851e10	1.010424891541357e10
1.6231763343801466	1.9344109247732906e10	1.015917182910813e10
1.6272973521072913	1.9419083885935307e10	1.0214331990200966e10
1.6314257143798636	1.949433238499144e10	1.0269730141379215e10
1.6355614261260623	1.956985558262481e10	1.0325367027090551e10
1.6397044922777615	1.9645654318450806e10	1.038124339354842e10
1.6438549177705963	1.972172943398122e10	1.0437359988737474e10
1.6480127075440376	1.979808177262862e10	1.0493717562418947e10
1.6521778665414675	1.9874712179710796e10	1.0550316866136038e10
1.6563503997102473	1.9951621502455e10	1.0607158653219181e10
1.6605303120018071	2.0028810590002705e10	1.0664243678791582e10
1.6647176083716932	2.0106280293413555e10	1.072157269977433e10
1.668912293779653	2.0184031465670067e10	1.0779146474891842e10
1.673114373189704	2.0262064961681984e10	1.0836965764677217e10
1.6773238515701925	2.034038163829061e10	1.0895031331477448e10
1.6815407338938662	2.0418982354273247e10	1.0953343939458788e10
1.685765025137931	2.04978679703475e10	1.1011904354611954e10
1.6899967302841312	2.057703934917595e10	1.1070713344757599e10
1.6942358543187892	2.0656497355370186e10	1.1129771679551313e10
1.698482402232889	2.073624285549558e10	1.1189080130489166e10
1.7027363790221102	2.0816276718075207e10	1.1248639470912613e10
1.7069977896869128	2.089659981359475e10	1.1308450476014088e10
1.7112666392325757	2.0977213014506535e10	1.1368513922841997e10
1.7155429326692668	2.1058117195234177e10	1.1428830590306099e10
1.7198266750120845	2.113931323217675e10	1.1489401259182564e10
1.7241178712811176	2.1220802003713234e10	1.1550226712119219e10
1.7284165265015032	2.1302584390207085e10	1.1611307733640831e10
1.7327226457034686	2.138466127401036e10	1.1672645110154179e10
1.7370362339223926	2.1467033539468384e10	1.1734239629953321e10
1.7413572961988417	2.1549702072923847e10	1.1796092083224623e10
1.745685837578627	2.1632667762721367e10	1.1858203262051996e10
1.7500218631128552	2.1715931499211952e10	1.1920573960422125e10
1.7543653778579646	2.1799494174757164e10	1.1983204974229431e10
1.7587163868757718	2.1883356683733635e10	1.204609710128124e10
1.7630748952335258	2.1967519922537487e10	1.2109251141303019e10
1.767440908003938	2.205198478958862e10	1.217266789594332e10
1.7718144302652328	2.213675218533516e10	1.2236348168778967e10
1.7761954671011835	2.2221823012257767e10	1.230029276532012e10
1.7805840236011556	2.2307198174874104e10	1.2364502493015339e10
1.7849801048601466	2.2392878579743217e10	1.2428978161256706e10
1.7893837159788162	2.247886513546975e10	1.2493720581384752e10
1.7937948620635342	2.2565158752708565e10	1.2558730566693682e10
1.7982135482264074	2.2651760344168896e10	1.2624008932436258e10
1.8026397795853217	2.273867082461888e10	1.268955649582894e10
1.8070735612639677	2.2825891110889797e10	1.2755374076056776e10
1.8115148983918865	2.291342212188062e10	1.2821462494278631e10
1.815963796104491	2.3001264778562237e10	1.2887822573631979e10
1.820420259543098	2.308942000398178e10	1.2954455139237947e10
1.8248842938549656	2.3177888723267174e10	1.3021361018206366e10
1.8293559041933183	2.3266671863631355e10	1.3088541039640709e10
1.8338350957173795	2.3355770354376778e10	1.3155996034643105e10
1.8383218735923903	2.3445185126899555e10	1.322372683631914e10
1.8428162429896433	2.3534917114693993e10	1.329173427978296e10
1.8473182090865155	2.3624967253357006e10	1.3360019202162231e10
1.8518277770664802	2.3715336480592327e10	1.3428582442602972e10
1.8563449521191395	2.380602573621493e10	1.3497424842274487e10
1.8608697394402463	2.389703596215538e10	1.3566547244374334e10
1.8654021442317272	2.3988368102464207e10	1.3635950494133202e10
1.8699421717017102	2.4080023103316357e10	1.3705635438819887e10
1.8744898270645307	2.4172001913015255e10	1.3775602927745974e10
1.8790451155407755	2.4264305481997593e10	1.3845853812271015e10
1.883608042357281	2.4356934762837284e10	1.3916388945807165e10
1.8881786127471656	2.444989071025005e10	1.3987209183824146e10
1.8927568319498405	2.4543174281097645e10	1.4058315383854082e10
1.897342705211034	2.4636786434392357e10	1.412970840549638e10
1.9019362377828073	2.4730728131301216e10	1.4201389110422573e10
1.9065374349235609	2.4825000335150337e10	1.4273358362381052e10
1.911146301898074	2.4919604011429577e10	1.4345617027202166e10
1.9157628439774854	2.501454012779627e10	1.441816597280259e10
1.9203870664393436	2.5109809654080273e10	1.4491006069190664e10
1.9250189745675925	2.520541356228778e10	1.4564138188470778e10
1.9296585736526006	2.5301352826605965e10	1.4637563204848373e10
1.9343058689911634	2.539762842340712e10	1.4711281994634663e10
1.9389608658865285	2.5494241331253304e10	1.4785295436251541e10
1.9436235696483903	2.55911925309003e10	1.485960441023614e10
1.9482939855929116	2.568848300530223e10	1.4934209799245783e10
1.9529721190427318	2.578611373961584e10	1.5009112488062696e10
1.957657975326972	2.5884085721204777e10	1.5084313363598713e10
1.9623515597812489	2.598239993964397e10	1.5159813314900072e10
1.9670528777476814	2.608105738672402e10	1.5235613233152193e10
1.971761934574892	2.618005905645537e10	1.5311714011684265e10
1.9764787356180291	2.6279405945072964e10	1.5388116545974237e10